0	3.60986091525
0.5	3.73329554337
1	3.85565479405
2	4.23026018819
3	4.54324177935
4	4.86978247739
5	5.24120849474
6	5.65172214433
7	6.03362140286
7.5	6.23434294018
8	6.43197861181
8.5	6.6744528472
9	7.18179722212
9.2	7.44933242746
9.3	7.55345701717
9.4	7.62330979536
9.5	8.07768014237
9.6	8.31332806879
9.7	8.63121899175
9.8	8.67657186648
9.9	8.85162461181
10	8.92362814489
10.1	8.97936074971
10.2	9.08956355974
10.3	9.18321490827
10.4	9.26148368383
10.8	9.45514513447
11.4	9.63117974617
11.9	9.74245793365
12.4	9.8458344347
13	9.94420809287
14	10.0704012979
15	10.1799495304
16	10.2722449682
17	10.3558438754
19	10.4752107715
21	10.5747065627
25	10.7352650903